

Argentina:
mae		mse		evs		r2
[0.090 0.038 -1.159 -2.619]
[0.029 0.006 0.667 0.524]
[0.079 0.010 0.447 -22.174]
[0.017 0.002 0.846 0.764]


Bolivia:
mae		mse		evs		r2
[0.101 0.102 -4.590 -8.007]
[0.028 0.010 0.485 0.441]
[0.084 0.016 -0.074 -21.586]
[0.014 0.001 0.880 0.862]


Brazil:
mae		mse		evs		r2
[0.061 0.009 0.735 0.696]
[0.030 0.003 0.900 0.889]
[0.058 0.007 0.789 0.752]
[0.022 0.002 0.942 0.941]


India:
mae		mse		evs		r2
[0.066 0.009 0.652 0.601]
[0.020 0.002 0.948 0.941]
[0.065 0.007 0.892 0.636]
[0.016 0.001 0.963 0.962]


Indonesia:
mae		mse		evs		r2
[0.041 0.003 -0.675 -1.587]
[0.022 0.002 0.665 0.603]
[0.054 0.004 0.483 -11.420]
[0.017 0.001 0.790 0.764]


Mexico:
mae		mse		evs		r2
[0.054 0.006 0.590 0.574]
[0.028 0.004 0.865 0.840]
[0.062 0.009 0.740 0.462]
[0.014 0.001 0.963 0.962]


Philippines:
mae		mse		evs		r2
[0.083 0.015 -0.355 -3.394]
[0.028 0.003 0.799 0.727]
[0.092 0.014 0.461 -3.139]
[0.019 0.001 0.901 0.876]


Singapore:
mae		mse		evs		r2
[0.066 0.018 -2.297 -3.243]
[0.021 0.003 0.632 0.580]
[0.078 0.009 -0.100 -6.386]
[0.013 0.001 0.779 0.764]


Thailand:
mae		mse		evs		r2
[0.062 0.009 0.421 0.398]
[0.039 0.007 0.794 0.757]
[0.065 0.012 0.696 0.437]
[0.022 0.001 0.903 0.902]


Venezuela:
mae		mse		evs		r2
[0.066 0.012 0.357 0.329]
[0.031 0.002 0.858 0.848]
[0.055 0.007 0.694 0.183]
[0.022 0.001 0.895 0.894]


Total:
mae		mse		evs		r2
[0.069 0.022 -0.632 -1.625]
[0.028 0.004 0.761 0.715]
[0.069 0.009 0.503 -6.224]
[0.018 0.001 0.886 0.869]
