Date,Argentina,Bolivia,Brazil,India,Indonesia,Mexico,Philippines,Singapore,Thailand,Venezuela
2015-08-09,0.022,0.008,0.080,0.190,0.077,0.281,0.143,0.106,0.415,0.177
2015-08-16,0.0259896423337,0.0134484265898,0.0902867456863,0.203508972615,0.0795470513209,0.28035836855,0.147360684204,0.10390826008,0.413319084069,0.184221265883
2015-08-23,0.0337422227608,0.0174178195997,0.10463853014,0.204334805154,0.0817865038193,0.277459769809,0.150794346463,0.106105220823,0.388745605788,0.190260047916
2015-08-30,0.040390971184,0.0189672666374,0.117849513007,0.198358229461,0.084144911284,0.273347811556,0.15349049559,0.107925429331,0.392783188209,0.199238033408

Argentina:
0.0259896423337
0.0337422227608
0.040390971184

Bolivia:
0.0134484265898
0.0174178195997
0.0189672666374

Brazil:
0.0902867456863
0.10463853014
0.117849513007

India:
0.203508972615
0.204334805154
0.198358229461

Indonesia:
0.0795470513209
0.0817865038193
0.084144911284

Mexico:
0.28035836855
0.277459769809
0.273347811556

Philippines:
0.147360684204
0.150794346463
0.15349049559

Singapore:
0.10390826008
0.106105220823
0.107925429331

Thailand:
0.413319084069
0.388745605788
0.392783188209

Venezuela:
0.184221265883
0.190260047916
0.199238033408
