Date,Argentina,Australia,Austria,Belgium,Bolivia,Brazil,Bulgaria,Canada,Chile,France,Germany,Hungary,Japan,Mexico,Netherlands,New Zealand,Norway,Paraguay,Peru,Poland,Romania,Russia,South Africa,Spain,Sweden,Switzerland,Ukraine,United States,Uruguay
2015-08-16,188.172470658,2359.75533959,521.446813925,35.4908186822,188.712772151,192.966244568,153.076388877,840.493129072,57.6475469543,21.1702496899,292.146091523,32.9670210005,74.4572466788,947.908992805,15.2252725162,51.6554604807,44.4169523772,300.263678476,112.43058403,11.6433240137,517.422514218,303.03589222,3439.44699381,15.9666732453,2.77227424596,31.8713214542,256.060444028,711.945446483,167.448457046
2015-08-23,178.226918061,2315.6433709,558.283919029,68.0951439191,177.925569806,185.301562103,172.932319531,978.225914451,54.2096103275,50.0454746213,325.053468143,47.4809194364,166.654558852,972.85696088,19.3902413796,52.2938395221,60.0108257648,289.210109557,108.443844174,15.4129644241,529.890625986,349.525884783,3412.08590243,26.5450429865,3.97725410695,45.9107916516,271.06481074,832.259489547,160.606045833
2015-08-30,169.798646295,2178.44916902,607.497616094,98.3286938661,168.177634076,178.377932948,192.111237916,1119.99242027,45.1134071212,79.3267360962,359.885126543,62.4091717037,250.028980113,986.7021458,23.0322749519,52.3343789008,74.7902728444,279.966312108,102.640160446,19.278513711,544.323422012,397.469768631,3359.58775218,37.9659090868,5.00655644,64.7649774021,285.274108889,1030.82064519,157.088464296

Argentina:
188.172470658
178.226918061
169.798646295

Australia:
2359.75533959
2315.6433709
2178.44916902

Austria:
521.446813925
558.283919029
607.497616094

Belgium:
35.4908186822
68.0951439191
98.3286938661

Bolivia:
188.712772151
177.925569806
168.177634076

Brazil:
192.966244568
185.301562103
178.377932948

Bulgaria:
153.076388877
172.932319531
192.111237916

Canada:
840.493129072
978.225914451
1119.99242027

Chile:
57.6475469543
54.2096103275
45.1134071212

France:
21.1702496899
50.0454746213
79.3267360962

Germany:
292.146091523
325.053468143
359.885126543

Hungary:
32.9670210005
47.4809194364
62.4091717037

Japan:
74.4572466788
166.654558852
250.028980113

Mexico:
947.908992805
972.85696088
986.7021458

Netherlands:
15.2252725162
19.3902413796
23.0322749519

New Zealand:
51.6554604807
52.2938395221
52.3343789008

Norway:
44.4169523772
60.0108257648
74.7902728444

Paraguay:
300.263678476
289.210109557
279.966312108

Peru:
112.43058403
108.443844174
102.640160446

Poland:
11.6433240137
15.4129644241
19.278513711

Romania:
517.422514218
529.890625986
544.323422012

Russia:
303.03589222
349.525884783
397.469768631

South Africa:
3439.44699381
3412.08590243
3359.58775218

Spain:
15.9666732453
26.5450429865
37.9659090868

Sweden:
2.77227424596
3.97725410695
5.00655644

Switzerland:
31.8713214542
45.9107916516
64.7649774021

Ukraine:
256.060444028
271.06481074
285.274108889

United States:
711.945446483
832.259489547
1030.82064519

Uruguay:
167.448457046
160.606045833
157.088464296
