

Argentina:
mae		mse		evs		r2
[13.84 442.69 0.92 0.91]
[15.67 611.51 0.89 0.88]
[26.58 2418.13 0.61 0.55]
[12.51 340.48 0.93 0.93]


Australia:
mae		mse		evs		r2
[47.29 8241.39 0.92 0.92]
[63.84 12649.83 0.87 0.86]
[204.78 145130.63 0.15 0.00]
[50.32 8198.93 0.92 0.92]


Austria:
mae		mse		evs		r2
[67.83 9074.62 0.94 0.94]
[80.44 17125.34 0.92 0.91]
[244.59 154990.89 0.15 0.08]
[69.03 9133.51 0.93 0.93]


Belgium:
mae		mse		evs		r2
[30.45 7824.52 0.87 0.87]
[37.20 12320.87 0.84 0.83]
[83.89 53642.17 0.12 0.04]
[34.59 8204.59 0.86 0.86]


Bolivia:
mae		mse		evs		r2
[24.55 1254.65 0.64 0.64]
[25.39 1218.09 0.68 0.68]
[59.12 5810.98 0.24 -0.81]
[23.97 1087.14 0.74 0.71]


Brazil:
mae		mse		evs		r2
[12.24 259.69 0.92 0.92]
[14.09 391.48 0.90 0.88]
[27.73 1847.87 0.58 0.42]
[11.41 222.61 0.93 0.93]


Bulgaria:
mae		mse		evs		r2
[78.62 20995.25 0.84 0.83]
[79.92 19717.88 0.85 0.85]
[237.15 126073.18 0.17 -0.22]
[74.99 19918.47 0.86 0.85]


Canada:
mae		mse		evs		r2
[153.65 69921.47 0.96 0.96]
[221.30 135171.27 0.94 0.93]
[888.97 1772569.93 0.06 0.02]
[162.24 73415.22 0.96 0.96]


Chile:
mae		mse		evs		r2
[2.84 55.82 0.92 0.92]
[3.70 92.85 0.89 0.88]
[6.42 493.28 0.38 0.33]
[3.19 63.56 0.90 0.90]


France:
mae		mse		evs		r2
[26.68 5586.32 0.91 0.91]
[40.59 16468.73 0.81 0.80]
[86.34 61862.23 0.12 -0.00]
[32.32 5843.98 0.90 0.90]


Germany:
mae		mse		evs		r2
[59.57 7067.09 0.95 0.95]
[69.74 10348.38 0.93 0.93]
[256.49 115406.36 0.23 0.22]
[60.07 7110.42 0.95 0.95]


Hungary:
mae		mse		evs		r2
[18.25 1277.18 0.92 0.91]
[21.46 2785.66 0.87 0.86]
[48.06 13247.62 0.26 0.15]
[18.48 1324.17 0.91 0.91]


Japan:
mae		mse		evs		r2
[72.02 48968.16 0.90 0.90]
[98.54 87966.79 0.85 0.84]
[244.62 459505.12 0.08 -0.09]
[83.75 51322.57 0.90 0.90]


Mexico:
mae		mse		evs		r2
[81.90 17953.11 0.91 0.91]
[99.76 27859.02 0.89 0.86]
[297.01 178280.77 0.19 0.07]
[70.20 14432.71 0.93 0.93]


Netherlands:
mae		mse		evs		r2
[6.13 156.14 0.89 0.89]
[6.84 227.54 0.85 0.84]
[10.92 807.75 0.50 0.45]
[6.13 179.38 0.87 0.87]


New Zealand:
mae		mse		evs		r2
[6.10 116.46 0.94 0.93]
[8.41 283.55 0.86 0.85]
[14.44 956.30 0.56 0.51]
[6.33 121.73 0.93 0.93]


Norway:
mae		mse		evs		r2
[18.75 1229.45 0.83 0.83]
[20.65 1993.89 0.80 0.77]
[36.88 7593.78 0.30 0.22]
[17.73 1148.43 0.85 0.85]


Paraguay:
mae		mse		evs		r2
[23.99 1654.10 0.85 0.84]
[22.47 1365.85 0.90 0.88]
[52.93 7395.58 0.46 0.32]
[18.47 1039.13 0.91 0.91]


Peru:
mae		mse		evs		r2
[15.53 409.32 0.73 0.71]
[15.00 438.07 0.78 0.77]
[29.75 1569.40 0.39 -0.45]
[13.18 294.86 0.85 0.78]


Poland:
mae		mse		evs		r2
[11.34 683.25 0.86 0.86]
[11.96 819.63 0.86 0.85]
[24.38 3809.26 0.31 0.26]
[11.22 680.80 0.86 0.86]


Romania:
mae		mse		evs		r2
[32.14 2156.87 0.93 0.92]
[36.44 2967.80 0.90 0.90]
[95.86 18974.38 0.39 0.32]
[30.00 1886.04 0.93 0.93]


Russia:
mae		mse		evs		r2
[59.06 7374.91 0.89 0.89]
[65.74 10124.17 0.87 0.86]
[178.64 78793.33 0.20 0.08]
[57.43 6994.97 0.89 0.89]


South Africa:
mae		mse		evs		r2
[210.05 87227.10 0.87 0.86]
[232.34 111570.79 0.84 0.82]
[598.15 640625.67 0.09 -0.06]
[188.54 62695.42 0.90 0.90]


Spain:
mae		mse		evs		r2
[15.26 1488.18 0.81 0.80]
[17.55 2305.43 0.78 0.77]
[30.78 7167.51 0.30 0.21]
[16.75 1510.18 0.81 0.81]


Sweden:
mae		mse		evs		r2
[1.95 16.71 0.72 0.68]
[2.04 24.25 0.71 0.69]
[2.32 46.66 0.57 0.54]
[1.75 14.52 0.77 0.77]


Switzerland:
mae		mse		evs		r2
[13.72 728.66 0.94 0.94]
[17.68 1353.58 0.92 0.91]
[44.97 12681.47 0.25 0.16]
[13.59 793.84 0.94 0.94]


Ukraine:
mae		mse		evs		r2
[35.75 2776.09 0.92 0.91]
[35.76 3350.43 0.90 0.90]
[99.34 18607.50 0.39 0.37]
[30.58 2067.50 0.93 0.93]


United States:
mae		mse		evs		r2
[154.03 74775.56 0.96 0.96]
[291.29 393363.92 0.88 0.86]
[935.55 2523820.68 0.04 -0.10]
[155.21 69267.19 0.96 0.96]


Uruguay:
mae		mse		evs		r2
[8.58 158.89 0.92 0.92]
[9.41 200.56 0.91 0.90]
[14.00 540.63 0.76 0.73]
[7.87 138.38 0.93 0.93]


Total:
mae		mse		evs		r2
[44.90 13099.09 0.88 0.88]
[57.42 30176.45 0.86 0.85]
[168.30 221195.48 0.31 0.15]
[44.20 12050.02 0.90 0.89]
