
Argentina:
188.172470658
178.195607026
169.76576121

Australia:
2360.00485131
2320.12238857
2200.44217553

Austria:
521.446813925
558.283919029
607.497616094

Belgium:
35.4283797174
64.5318735087
93.1238715027

Bolivia:
188.744083186
175.907857044
167.101912994

Brazil:
192.966259826
186.844958123
180.735132441

Bulgaria:
153.076388877
172.932319531
190.483369264

Canada:
833.495082197
978.455822796
1127.17953657

Chile:
57.6475469543
54.2096103275
45.071323381

France:
21.1702496899
50.0454746213
79.2017360962

Germany:
292.146091523
325.053956424
361.012538126

Hungary:
32.9668989302
47.4807151909
62.4089477338

Japan:
74.4572466788
166.654558852
250.091663218

Mexico:
947.908992805
972.981838809
988.109819227

Netherlands:
15.2311357059
19.5956190776
23.9075687854

New Zealand:
51.6554604807
52.2928667743
52.3332136701

Norway:
44.4169523772
60.0577007648
75.1409276793

Paraguay:
300.263678476
289.241359557
280.00584085

Peru:
112.43058403
108.443844174
102.640160446

Poland:
11.5808850489
15.3285489601
19.2064649884

Romania:
517.42324664
533.984499187
550.622411085

Russia:
303.03589222
349.525884783
397.469768631

South Africa:
3439.44699381
3412.08590243
3359.5872639

Spain:
15.9803393982
26.5617283952
37.0538489838

Sweden:
2.77227424596
3.97725410695
4.95167439044

Switzerland:
31.8713214542
45.912257449
60.5644487953

Ukraine:
256.060444028
271.065299021
285.002230916

United States:
711.945446483
832.251677047
1009.60383563

Uruguay:
167.448457046
160.606045833
157.088464296
